Sample	FastQC_percent_duplicates	FastQC_percent_gc	FastQC_avg_sequence_length	FastQC_total_sequences	FastQC_percent_fails
LIB181217CR_ECL28_1_S1_R1_001	69.2580896335	38.0	75.0	27210199.0	18.1818181818
LIB181217CR_ECL28_2_S2_R1_001	68.1013241399	37.0	75.0	31304341.0	18.1818181818
LIB181217CR_ECL28_3_S3_R1_001	69.1462981634	37.0	75.0	29075319.0	36.3636363636
LIB181217CR_ECL28_4_S4_R1_001	64.3907566479	37.0	75.0	32609396.0	18.1818181818
LIB181217CR_ECL28_5_S5_R1_001	67.717633915	37.0	75.0	31064025.0	18.1818181818
LIB181217CR_ECL28_6_S6_R1_001	68.7727650968	37.0	75.0	31277038.0	36.3636363636
LIB181217CR_ECL28_7_S7_R1_001	22.3535210774	32.0	75.0	43121288.0	18.1818181818
LIB181217CR_ECL28_8_S8_R1_001	67.1510416686	37.0	75.0	29851175.0	36.3636363636
LIB181217CR_ECL28_9_S9_R1_001	64.2983679967	37.0	75.0	22946447.0	27.2727272727
